43.2294993 76.86613
43.2502088 76.9527901
43.2691903 76.9523775
43.2330958 76.9390531781467
43.2084425 76.9714495
43.2570222 76.9516973
43.2601689 76.9468213
43.242933 76.9517451
43.2293811 76.9192599
43.2631266 76.9612745
43.2158651 76.9252262
43.1953831 76.8931251949785
43.1994083 76.89369535
43.19730735 76.89309525
43.1953831 76.8931251949785
43.1994083 76.89369535
43.20033775 76.89097215
43.20583795 76.8936731
43.2370112 76.9129946
43.2424246 76.9485334
43.2338807 76.9507184
43.2302404 76.95889225
43.2394285 76.907985
43.2424246 76.9485334
43.2506115 76.9316398
43.2501793 76.9483155
43.224731 76.9105514
43.2519787 76.8880585
45.256062 82.492783
43.2360527 76.9416808
43.2363924 76.9457275
43.2570222 76.9516973
43.2601689 76.9468213
43.2594227 76.958666
43.2377877 76.9383865
43.2540797 76.9589044
43.2403402 76.9179489
43.2361569 76.9107342
43.2627311 76.9561048
